2
8
8
9
4,4,4,13,13,4,4,4,
13,4,4,20,20,4,4,13,
15,12,11,15,16,12,8,14,
4,7,17,11,11,12,16,4,
4,20,15,17,17,11,16,4,
13,18,8,18,17,17,8,13,
18,16,15,17,17,10,10,19,
14,4,4,20,14,4,4,14,
0,0,0,1,0,0,0,0

0,0,0,0,0,0,0,0,
1.d8_nkey,0,0,3.d8_nightmare,1.d8_potion,0,0,1.d8_magic_rod,
0,0,1.d8_ruby50_1,0,0,1.d8_smallkey_3,0,0,
0,1.d8_smallkey_4,0,0,0,0,0,0,
0,1.d8_smallkey_5,0,0,0,0,0,0,
0,1.d8_ruby20,0,1.d8_dmap,0,0,0,0,
0,0,d8_ruby50_0,0,0,1.d8_chest_zol,0,0,
1.d8_compass,0,0,0,0,0,0,1.d8_stoneBeak,
0,0,0,0,0,0,0,0,